10
65 11
46 39
27 10
26 15
19 43
16 37
56 38
18 6
11 38
10 14
43 12
12 39
83 66
31 80
37 23
31 27
8 10
20 24
43 27
8 76
47 54
19 21
83 63
25 15
71 4
32 13
58 12
31 1
38 65
80 74
4 27
20 14
39 40
37 81
69 48
73 32
21 12
55 20
74 80
38 62
3 69
74 63
83 25
63 37
6 59
31 9
2 50
22 40
6 61
41 74
25 33
25 45
44 80
68 38
79 22
19 81
10 12
64 9
36 43
49 41
19 79
52 23
45 73
66 51
54 23
44 78
58 69
43 19
68 27
59 63
51 77
5 43
71 41
6 39
1 27
34 56
49 82
48 34
52 18
70 22
36 49
18 48
32 33
40 16
33 14
61 9
30 21
2 41
16 27
56 19
43 56
15 50
28 2
33 47
47 32
58 12
10 17
1 41
50 40
68 24
65 58
32 24
11 85
10 6
1 8
3 8
8 4
7 11
2 1
8 7
5 4
2 4
1 6
10 11
8 1
11 5
2 9
2 9
10 1
3 9
6 3
5 11
6 9
11 7
10 11
4 8
4 3
8 11
3 7
2 4
9 10
2 9
7 8
11 9
5 3
6 4
7 10
8 5
10 4
5 1
1 8
3 8
5 3
1 7
3 11
9 11
7 10
8 2
4 5
8 9
5 11
10 1
10 7
3 6
8 7
1 6
11 6
7 11
10 9
9 7
9 4
6 3
4 7
6 9
4 10
7 1
8 5
5 11
8 1
6 3
8 4
10 3
4 8
2 7
11 5
7 1
11 1
10 2
11 5
2 7
7 4
6 3
2 10
3 8
3 11
1 10
11 2
4 9
72 37
33 40
33 65
64 58
9 15
55 50
66 13
22 45
43 55
44 26
16 66
21 22
38 4
61 10
51 59
23 9
58 71
64 19
7 71
4 16
13 2
9 6
14 30
66 56
13 54
9 44
47 29
66 12
32 70
37 26
56 3
34 42
2 42
4 24
40 23
39 69
24 64
18 37
54 93
38 49
9 26
3 37
53 50
28 46
27 28
54 47
11 13
14 46
36 53
33 2
1 52
14 6
43 13
4 25
38 3
20 46
28 22
44 26
18 5
7 33
13 33
45 42
24 27
2 18
44 2
15 3
23 19
15 26
44 53
28 25
6 2
46 50
43 40
44 22
6 12
54 19
44 7
6 13
33 24
47 22
25 7
24 48
42 54
35 31
14 9
1 36
26 8
47 30
9 36
52 14
48 13
48 37
19 16
12 13
39 4
50 9
26 35
18 13
51 53
5 26
23 21
7 10
44 53
39 52
35 52
27 21
26 7
36 37
20 36
2 31
45 28
12 24
2 24
38 23
49 22
43 2
31 49
16 32
46 50
45 35
39 17
2 11
24 53
9 5
35 11
35 41
54 8
26 17
47 10
39 42
31 44
5 24
87 21
47 3
73 16
5 40
42 13
59 33
68 54
61 1
5 18
2 13
69 76
62 22
35 51
61 6
1 44
77 54
71 28
44 52
87 77
64 51
14 37
17 74
92 55
53 38
85 17
90 80
58 57
16 79
38 29
65 21
91 74
55 20
46 36
57 61
88 53
84 12
29 23
28 59
36 81
44 28
45 41
56 10
45 19
37 31
48 9
51 86
30 13
13 23
89 18
83 84
70 23
4 46
45 71
52 29
59 4
56 52
84 59
61 37
78 45
67 73
1 65
66 30
25 27
52 21
44 83
53 21
53 4
14 45
74 65
73 81
16 77
40 8
43 48
84 68
1 58
48 41
70 22
19 2
33 79
10 12
13 16
2 8
28 22
11 1
26 19
5 1
11 5
7 18
23 25
14 30
25 28
14 19
14 2
28 33
29 2
9 6
17 10
14 9
29 22
10 21
7 12
19 16
15 25
33 4
14 11
33 5
5 13
21 18
13 14
15 8
15 23
11 30
32 22
5 25
10 12
11 15
24 29
28 5
19 27
6 32
4 3
2 7
13 22
22 25
2 4
30 15
24 8
11 23
29 15
12 4
27 22
16 15
18 10
17 1
3 22
30 4
24 31
8 3
18 30
26 19
31 22
31 21
27 8
8 21
23 20
24 14
8 6
28 23
15 9
23 15
30 20
16 18
15 22
18 32
18 10
16 15
30 13
33 23
77 95
10 52
16 53
41 43
47 44
75 15
30 9
27 24
48 76
39 28
31 56
24 46
31 50
47 71
61 57
58 35
53 66
7 66
41 45
30 9
11 27
23 38
35 50
61 4
46 22
31 74
75 54
42 26
25 9
17 6
65 75
38 39
61 44
25 24
9 54
32 19
3 55
56 36
25 37
37 70
56 65
64 51
39 26
77 61
34 16
66 21
11 26
57 71
67 5
16 75
58 47
14 59
22 67
15 46
26 51
36 2
38 20
53 74
45 52
58 1
65 46
20 74
70 76
65 57
53 59
50 66
38 71
54 52
38 77
23 71
2 60
14 54
56 58
26 34
59 11
3 1
5 70
74 70
49 77
72 22
56 42
9 16
36 62
65 71
61 10
64 60
67 75
34 43
56 59
77 35
68 2
33 72
69 29
64 38
26 57
60 4
